frota	ano	trimestre	latitude	longitude	dias_pesca	captura	cpue
Santos	1995	3	23.25	41.75	8	1000	125
Santos	1996	1	23.25	41.75	4	1000	250
Santos	1999	1	23.25	41.75	5	1750	350
Santos	1998	2	23.75	41.25	9	1800	200
Ubatuba	1995	1	24.25	44.25	8	420	52.5
Ubatuba	1995	1	24.25	44.25	7	315	45
Ubatuba	1995	1	24.25	44.25	8	350	43.75
Ubatuba	1998	2	24.25	45.25	10	3500	350
Ubatuba	1998	2	24.25	45.25	7	950	135.71429
Ubatuba	1998	2	24.25	45.25	8	1000	125
Ubatuba	1998	2	24.25	45.25	7	780	111.42857
Ubatuba	1998	3	24.25	45.25	4	600	150
Ubatuba	1999	2	24.25	44.25	10	820	82
Ubatuba	1999	4	24.25	45.25	10	880	88
Santos	1999	1	24.25	44.75	5	1750	350
Santos	1998	1	24.75	44.25	12	2300	191.66667
Santos	1999	1	24.75	46.25	5	2250	450
Santos	1999	2	24.75	46.25	9	750	78.94737
Santos	1999	2	24.75	45.75	2	106	53
Santos	1999	3	24.75	45.75	4	910	227.5
Santos	1999	4	24.75	46.25	5.5	350	63.63636
Ubatuba	1996	3	25.25	46.25	8	1000	125
Ubatuba	1996	3	25.25	46.25	10	1000	100
Ubatuba	1996	3	25.25	46.25	9	650	72.22222
Ubatuba	1996	3	25.25	46.25	8	500	62.5
Ubatuba	1997	2	25.25	46.25	12	1700	141.66667
Ubatuba	1997	2	25.25	46.25	10	1000	100
Ubatuba	1997	3	25.25	46.25	12	3500	291.66667
Ubatuba	1997	3	25.25	46.25	10	2800	280
Ubatuba	1997	3	25.25	46.25	10	2500	250
Ubatuba	1997	3	25.25	46.25	10	2000	200
Ubatuba	1999	1	25.25	46.25	9	400	44.44444
Ubatuba	1999	2	25.25	46.25	10	2100	210
Ubatuba	1999	2	25.25	46.25	8	420	52.5
Ubatuba	1999	3	25.25	46.25	10	1700	170
Ubatuba	1999	3	25.25	46.25	10	1200	120
Ubatuba	1999	4	25.25	46.25	8	1000	125
Ubatuba	1999	4	25.25	46.25	10	1200	120
Santos	1995	4	25.25	45.75	15	1000	66.66667
Santos	1996	1	25.25	46.25	10	3000	300
Santos	1996	3	25.25	46.25	3.3	266.6667	80
Santos	1998	1	25.25	46.25	10	2200	220
Santos	1998	1	25.25	45.25	14	3000	214.28571
Santos	1998	1	25.25	45.25	14	2000	142.85714
Santos	1999	1	25.25	45.25	12	2700	225
Santos	1999	1	25.25	45.25	12	1000	83.33333
Santos	1999	2	25.25	45.25	2	106	53
Santos	1999	3	25.25	46.25	1.5	350	233.33333
Santos	1999	3	25.25	44.75	4	910	227.5
Santos	1999	4	25.25	46.25	9	1949	216.55556
Santos	1999	4	25.25	44.75	6	1000	166.66667
Ubatuba	1996	2	25.75	46.25	6	1500	250
Ubatuba	1996	2	25.75	46.25	6	850	141.66667
Ubatuba	1996	2	25.75	46.25	12	680	56.66667
Ubatuba	1996	2	25.75	46.25	13	650	50
Santos	1995	3	25.75	45.75	8	2000	250
Santos	1995	3	25.75	46.25	1	50	50
Santos	1995	4	25.75	46.25	15	2000	133.33333
Santos	1996	3	25.75	46.25	3.3	266.6667	80
Santos	1997	4	25.75	45.75	12	3000	250
Santos	1997	4	25.75	46.25	4	300	75
Santos	1998	1	25.75	46.25	9	1200	133.33333
Santos	1998	4	25.75	46.25	12	2000	166.66667
Santos	1999	2	25.75	46.25	9.5	750	78.94737
Ubatuba	1996	2	26.25	46.25	12	565	47.08333
Ubatuba	1996	4	26.25	47.25	10	1300	130
Ubatuba	1996	4	26.25	47.25	10	700	70
Ubatuba	1999	2	26.25	46.25	12	3500	291.66667
Ubatuba	1999	2	26.25	46.25	12	2800	233.33333
Ubatuba	1999	2	26.25	46.25	10	1500	150
Ubatuba	1999	2	26.25	46.25	12	1730	144.16667
Santos	1995	2	26.25	46.75	5	2000	400
Santos	1995	3	26.25	46.75	13	700	53.84615
Santos	1996	3	26.25	46.25	3.3	266.6667	80
Santos	1996	4	26.25	46.25	10	2000	200
Santos	1996	4	26.25	46.75	9	1000	111.11111
Santos	1997	3	26.25	45.75	12	6000	500
Santos	1997	4	26.25	45.75	7.5	1650	220
Santos	1997	4	26.25	46.25	7.5	1650	220
Santos	1997	4	26.25	46.25	4	300	75
Santos	1998	2	26.25	46.25	12	1800	150
Santos	1998	3	26.25	46.75	5	700	140
Santos	1998	4	26.25	46.25	2	1200	600
Santos	1999	1	26.25	46.25	5	2250	450
Santos	1999	1	26.25	46.25	10	3000	300
Santos	1999	1	26.25	46.25	15	3000	200
Santos	1999	1	26.25	46.25	18	3500	194.44444
Santos	1999	2	26.25	46.25	8	3876	484.5
Santos	1999	2	26.25	46.25	8	1351	168.875
Santos	1999	2	26.25	47.75	6	900	150
Santos	1999	2	26.25	47.75	7.5	1000	133.33333
Santos	1999	2	26.25	46.25	2	106	53
Ubatuba	1996	4	26.75	47.25	10	480	48
Santos	1995	1	26.75	46.25	3	1000	333.33333
Santos	1995	1	26.75	47.75	3	150	50
Santos	1995	2	26.75	47.25	2	400	200
Santos	1995	3	26.75	46.25	10	1000	100
Santos	1995	4	26.75	46.25	5	1500	300
Santos	1997	2	26.75	47.25	15	4000	266.66667
Santos	1997	3	26.75	46.25	12	3000	250
Santos	1997	3	26.75	46.25	2	400	200
Santos	1997	3	26.75	46.25	5	900	180
Santos	1997	3	26.75	46.25	10	1500	150
Santos	1997	3	26.75	46.75	14	2000	142.85714
Santos	1998	2	26.75	46.75	12	2900	241.66667
Santos	1998	3	26.75	47.25	8	1000	125
Santos	1998	3	26.75	46.25	7	600	85.71429
Santos	1999	1	26.75	46.75	15	2300	153.33333
Santos	1999	2	26.75	46.75	8	2385	298.125
Santos	1999	4	26.75	46.75	5.5	1750	318.18182
Santos	1999	4	26.75	46.75	8	1900	237.5
Santos	1999	4	26.75	46.25	5	1050	210
Santos	1999	4	26.75	46.75	5	1050	210
Santos	1999	4	26.75	46.25	6	1000	166.66667
Santos	1999	4	26.75	46.75	7	1000	142.85714
Santos	1999	4	26.75	47.25	5	700	140
Santos	1997	2	27.25	46.75	8	4000	500
Santos	1998	1	27.25	46.75	14	1000	71.42857
Santos	1998	2	27.25	47.25	3	1000	333.33333
Santos	1998	3	27.25	46.75	13	2160	166.15385
Santos	1998	3	27.25	46.75	13	1700	130.76923
Santos	1998	4	27.25	46.75	2	700	350
Santos	1998	4	27.25	46.75	4	1000	250
Santos	1998	4	27.25	47.25	4	700	175
Santos	1998	4	27.25	46.75	10	1500	150
Santos	1998	4	27.25	46.75	11	1500	136.36364
Santos	1998	4	27.25	46.75	8	800	100
Santos	1999	2	27.25	47.25	6	900	150
Santos	1999	2	27.25	47.25	7.5	1000	133.33333
Santos	1999	3	27.25	48.25	5.5	1340	243.63636
Santos	1999	4	27.25	46.75	12	2500	208.33333
Santos	1999	4	27.25	46.75	10	2000	200
Santos	1999	4	27.25	46.75	5	700	140
Santos	1997	4	27.75	47.25	5	1342	268.4
Santos	1995	2	28.25	47.25	10	1500	150
Santos	1995	3	28.25	47.25	10	4000	400
Santos	1995	3	28.25	47.25	12	2000	166.66667
Santos	1995	4	28.25	47.75	8	4500	562.5
Santos	1995	4	28.25	47.25	4	1500	375
Santos	1995	4	28.25	47.25	10	3500	350
Santos	1995	4	28.25	47.25	12	3500	291.66667
Santos	1996	1	28.25	47.25	9	4000	444.44444
Santos	1997	1	28.25	47.25	10	1300	130
Santos	1997	2	28.25	47.25	8	4500	562.5
Santos	1997	4	28.25	47.25	12	5700	475
Santos	1998	1	28.25	47.25	10	4500	450
Santos	1998	3	28.25	47.25	16	6500	406.25
Santos	1998	3	28.25	47.25	12	3000	250
Santos	1998	3	28.25	47.25	5	500	100
Santos	1999	3	28.25	47.25	12	3500	291.66667
Santos	1999	3	28.25	47.25	1.5	350	233.33333
Santos	1999	3	28.25	47.25	9	1900	211.11111
Santos	1999	3	28.25	46.75	5	800	160
Santos	1999	3	28.25	47.25	5	800	160
Santos	1999	3	28.25	47.25	13	1300	100
Santos	1999	4	28.25	47.25	10	950	95